dim 200 200 200
putbox 0 70 0 2 0 90 0.042 0.259 0.039 1
putsphere 60 13 30 8 0.80 0.68 0.43 1
putsphere 60 13 56 8 0.80 0.68 0.43 1
putellipsoid 60 13 43 5 5 10 0.80 0.68 0.43 1
putellipsoid 60 13 40 5 4 2 0.318 0.161 0.016 1
putellipsoid 60 13 43 5 5 3 0.004 0.267 0.192 1
putellipsoid 60 13 44 5 4 2 0.318 0.161 0.016 1
putellipsoid 60 13 48 5 4 2 0.639 0.584 0.141 1
putbox 30 31 6 7 32 36 0.75 0.72 0.66 1
putbox 30 31 5 6 34 38 0.75 0.72 0.66 1
putbox 30 31 1 6 37 38 0.75 0.72 0.66 1
putbox 30 31 5 6 8 12 0.75 0.72 0.66 1
putbox 30 31 4 5 6 10 0.75 0.72 0.66 1
putbox 30 31 1 5 6 7 0.75 0.72 0.66 1
putsphere 90 13 30 8 0.80 0.68 0.43 1
putsphere 90 13 56 8 0.80 0.68 0.43 1
putellipsoid 90 13 43 5 5 10 0.80 0.68 0.43 1
putellipsoid 90 13 40 5 4 2 0.918 0.827 0.008 1
putellipsoid 90 13 43 5 5 3 0.596 0.325 0.788 1
putellipsoid 90 13 44 5 4 2 0.949 0.353 0.027 1
putellipsoid 90 13 48 5 4 2 0.639 0.639 0.616 1
putbox 45 46 6 7 32 36 0.75 0.72 0.66 1
putbox 45 46 5 6 34 38 0.75 0.72 0.66 1
putbox 45 46 1 6 37 38 0.75 0.72 0.66 1
putbox 45 46 6 7 8 12 0.75 0.72 0.66 1
putbox 45 46 5 6 6 10 0.75 0.72 0.66 1
putbox 45 46 1 6 6 7 0.75 0.72 0.66 1
putellipsoid 110 15 110 10 10 20 0.08 0.08 0.08 1
cutbox 52 60 2 15 43 47 0.08 0.08 0.08 1
cutbox 52 60 2 15 63 67 0.08 0.08 0.08 1
putbox 55 56 7 8 43 47 0.75 0.72 0.66 1
putbox 55 56 6 7 41 45 0.75 0.72 0.66 1
putbox 55 56 2 6 41 42 0.75 0.72 0.66 1
putbox 55 56 7 8 63 67 0.75 0.72 0.66 1
putbox 55 56 6 7 65 69 0.75 0.72 0.66 1
putbox 55 56 2 6 68 69 0.75 0.72 0.66 1
putellipsoid 60 24 110 9 15 9 0.81 0.05 0.04 0.60
cutbox 25 35 4 9 50 65 0.81 0.05 0.04 0.60
cutbox 25 35 11 21 50 65 0.81 0.05 0.04 0.60
putellipsoid 60 24 110 7 15 7 0.81 0.05 0.04 0.60
cutbox 25 35 4 9 50 65 0.81 0.05 0.04 0.60
putvoxel 30 8 57 0.75 0.72 0.66 1
putvoxel 30 7 57 0.75 0.72 0.66 1
putvoxel 30 6 58 0.75 0.72 0.66 1
putvoxel 30 5 58 0.75 0.72 0.66 1
putvoxel 30 4 58 0.75 0.72 0.66 1
putvoxel 30 3 59 0.75 0.72 0.66 1
putvoxel 30 2 59 0.75 0.72 0.66 1
putbox 30 31 2 9 53 55 0.75 0.72 0.66 1
cutvoxel 30 2 53 0.75 0.72 0.66 1
cutvoxel 30 3 53 0.75 0.72 0.66 1
cutvoxel 30 4 53 0.75 0.72 0.66 1
cutvoxel 30 5 53 0.75 0.72 0.66 1
cutvoxel 30 6 53 0.75 0.72 0.66 1
cutvoxel 30 7 53 0.75 0.72 0.66 1
cutvoxel 30 8 53 0.75 0.72 0.66 1
putellipsoid 60 20 150 9 15 9 0.08 0.08 0.08 1
cutbox 25 35 3 9 65 83 0.08 0.08 0.08 1
cutbox 25 28 4 20 70 80 0.08 0.08 0.08 1
putbox 30 31 1 9 75 76 0.75 0.72 0.66 1
putbox 30 31 7 9 73 74 0.75 0.72 0.66 1
putbox 30 31 4 7 72 73 0.75 0.72 0.66 1
putbox 30 31 1 4 71 72 0.75 0.72 0.66 1
putbox 30 31 7 9 77 78 0.75 0.72 0.66 1
putbox 30 31 4 7 78 79 0.75 0.72 0.66 1
putbox 30 31 1 4 79 80 0.75 0.72 0.66 1
putbox 14 17 4 8 49 52 0.08 0.08 0.08 1
putbox 14 17 4 8 54 57 0.08 0.08 0.08 1
putbox 15 16 5 7 52 54 0.08 0.08 0.08 1
putbox 15 16 1 17 50 51 0.75 0.72 0.66 1
putbox 15 16 1 17 55 56 0.75 0.72 0.66 1
putbox 15 16 1 2 25 51 0.114 0.471 0.106 1
putbox 16 23 1 2 25 26 0.114 0.471 0.106 1
putbox 22 23 1 2 6 25 0.114 0.471 0.106 1
putbox 23 46 1 2 6 7 0.114 0.471 0.106 1
putbox 30 31 1 2 38 54 0.114 0.471 0.106 1
putbox 30 31 1 2 59 72 0.114 0.471 0.106 1
putbox 15 16 1 2 56 66 0.114 0.471 0.106 1
putbox 16 23 1 2 65 66 0.114 0.471 0.106 1
putbox 23 24 1 2 65 80 0.114 0.471 0.106 1
putbox 23 31 1 2 79 80 0.114 0.471 0.106 1
putbox 31 46 1 2 75 76 0.114 0.471 0.106 1
putbox 45 46 1 2 37 76 0.114 0.471 0.106 1
putbox 46 56 1 2 68 69 0.114 0.471 0.106 1
cutsphere 15 1 15 10
cutsphere 121 1 15 10
cutellipsoid 15 1 163 10 20 10
cutellipsoid 121 1 163 10 20 10
